
BLK                   38;5;68
CAPABILITY            38;5;170
CHR                   38;5;113;1
DIR                   38;5;12;1
DOOR                  38;5;127
EXEC                  38;5;41;1
FIFO                  38;5;126
LINK                  target
MULTIHARDLINK         38;5;220;1
NORMAL                38;5;254
ORPHAN                38;5;196
OTHER_WRITABLE        38;5;33;1
SETGID                38;5;137;1
SETUID                38;5;137
SOCK                  38;5;197
STICKY                48;5;235;38;5;118;1
STICKY_OTHER_WRITABLE 48;5;235;38;5;139;1


# Programming
.a                    38;5;74
.asm                  38;5;74
.bash                 38;5;74
.c                    38;5;74
.c++                  38;5;74
.cc                   38;5;74
.clj                  38;5;74
.coffee               38;5;74
.cpp                  38;5;74
.diff                 38;5;74
.go                   38;5;74
.h                    38;5;74
.h++                  38;5;74
.hh                   38;5;74
.hs                   38;5;74
.jar                  38;5;74
.java                 38;5;74
.jl                   38;5;74
.js                   38;5;74
.jsx                  38;5;74
.lhs                  38;5;74
.lua                  38;5;74
.o                    38;5;74
.patch                38;5;74
.php                  38;5;74
.proto                38;5;74
.pxd                  38;5;74
.py                   38;5;74
.pyx                  38;5;74
.rb                   38;5;74
.rs                   38;5;74
.sh                   38;5;74
*Snakefile            38;5;74
.zcompdump            38;5;74
.zsh                  38;5;74

# Vim
.vim                  38;5;83
.vimrc                38;5;83

# Configuration
.cfg                  38;5;173
.rc                   38;5;173
.conf                 38;5;173
.gitignore            38;5;173
.ini                  38;5;173
.ldif                 38;5;173
.model                38;5;173
.pacnew               38;5;173
.path                 38;5;173
.service              38;5;173
.target               38;5;173
.timer                38;5;173
.zshrc                38;5;173
.config               38;5;173

# Text ocuments
.htm                  38;5;139
.html                 38;5;139
.md                   38;5;139
.rst                  38;5;139
.tex                  38;5;139
.txt                  38;5;139

# Binary documents
.djvu                 38;5;141
.eps                  38;5;141
.odb                  38;5;141
.odp                  38;5;141
.ods                  38;5;141
.odt                  38;5;141
.pdf                  38;5;141

# Data
.bak                  38;5;60
.bin                  38;5;60
.csv                  38;5;60
.dat                  38;5;60
.db                   38;5;60
.dump                 38;5;60
.iso                  38;5;60
.json                 38;5;60
.log                  38;5;60
.sql                  38;5;60
.sqlite               38;5;60
.tmp                  38;5;60
.torrent              38;5;60
.viminfo              38;5;60
.xml                  38;5;60
.yml                  38;5;60
.img                  38;5;60
.raw                  38;5;60

# Graphics
.avi                  38;5;72
.bmp                  38;5;72
.flv                  38;5;72
.gif                  38;5;72
.jpeg                 38;5;72
.jpg                  38;5;72
.JPG                  38;5;72
.mkv                  38;5;72
.mov                  38;5;72
.mp4                  38;5;72
.mpeg                 38;5;72
.mpg                  38;5;72
.ogm                  38;5;72
.ogv                  38;5;72
.png                  38;5;72
.svg                  38;5;72
.webm                 38;5;72
.xpm                  38;5;72

# Security
.p12                  38;5;11
.key                  38;5;11
.pem                  38;5;11
.crt                  38;5;11
*id_rsa               38;5;11
*id_rsa.pub           38;5;11
*authorized_keys      38;5;11

# Audio
.cue                  38;5;149
.flac                 38;5;149
.midi                 38;5;149
.mp3                  38;5;149
.ogg                  38;5;149

# Fonts
.otf                  38;5;65
.ttf                  38;5;65
.dfont                38;5;65

# Compressed
.7z                   38;5;240
.bz2                  38;5;240
.part                 38;5;240
.r00                  38;5;240
.r01                  38;5;240
.r02                  38;5;240
.r03                  38;5;240
.r04                  38;5;240
.r05                  38;5;240
.r06                  38;5;240
.r07                  38;5;240
.r08                  38;5;240
.r09                  38;5;240
.r10                  38;5;240
.r11                  38;5;240
.r12                  38;5;240
.r13                  38;5;240
.r14                  38;5;240
.r15                  38;5;240
.r16                  38;5;240
.r17                  38;5;240
.r18                  38;5;240
.r19                  38;5;240
.r20                  38;5;240
.r21                  38;5;240
.r22                  38;5;240
.r23                  38;5;240
.r24                  38;5;240
.r25                  38;5;240
.r26                  38;5;240
.r27                  38;5;240
.r28                  38;5;240
.r29                  38;5;240
.r30                  38;5;240
.r31                  38;5;240
.r32                  38;5;240
.r33                  38;5;240
.r34                  38;5;240
.r35                  38;5;240
.r36                  38;5;240
.r37                  38;5;240
.r38                  38;5;240
.r39                  38;5;240
.r40                  38;5;240
.r41                  38;5;240
.r42                  38;5;240
.r43                  38;5;240
.r44                  38;5;240
.r45                  38;5;240
.r46                  38;5;240
.r47                  38;5;240
.r48                  38;5;240
.r49                  38;5;240
.r50                  38;5;240
.r51                  38;5;240
.r52                  38;5;240
.r53                  38;5;240
.r54                  38;5;240
.r55                  38;5;240
.r56                  38;5;240
.r57                  38;5;240
.r58                  38;5;240
.r59                  38;5;240
.r60                  38;5;240
.r61                  38;5;240
.r62                  38;5;240
.r63                  38;5;240
.r64                  38;5;240
.r65                  38;5;240
.r66                  38;5;240
.r67                  38;5;240
.r68                  38;5;240
.r69                  38;5;240
.r69                  38;5;240
.r70                  38;5;240
.r71                  38;5;240
.r72                  38;5;240
.r73                  38;5;240
.r74                  38;5;240
.r75                  38;5;240
.r76                  38;5;240
.r77                  38;5;240
.r78                  38;5;240
.r79                  38;5;240
.r80                  38;5;240
.r81                  38;5;240
.r82                  38;5;240
.r83                  38;5;240
.r84                  38;5;240
.r85                  38;5;240
.r86                  38;5;240
.r87                  38;5;240
.r88                  38;5;240
.r89                  38;5;240
.r90                  38;5;240
.r91                  38;5;240
.r92                  38;5;240
.r93                  38;5;240
.r94                  38;5;240
.r95                  38;5;240
.r96                  38;5;240
.r97                  38;5;240
.r98                  38;5;240
.r99                  38;5;240
.rar                  38;5;240
.tar                  38;5;240
.tar.gz               38;5;240
.tgz                  38;5;240
.xz                   38;5;240
.zip                  38;5;240

TERM st-256color

# vim: ft=dircolors:
